17
14
8
0
-3
-5
-4
-4
-1
-2
0
-1
0
-1
0
-1
0
-1
1
0
2
0
3
1
5
2
6
3
7
4
7
4
7
4
7
3
6
2
5
1
3
0
2
0
1
-1
0
-1
0
-1
0
-1
0
-1
0
-1
0
-1
0
-1
0
0
-1
0
-1
0
-1
0
-1
0
-1
0
-1
0
-1
0
-1
1
0
1
0
3
0
4
1
5
2
5
2
5
1
4
0
3
0
2
-1
1
-1
1
-1
0
-3
-1
-4
0
1
10
14
19
15
10
1
-1
-5
-4
-4
-1
-1
0
0
0
0
0
0
0
0
0
1
1
2
1
4
2
5
4
6
4
7
5
8
5
8
5
8
4
7
3
6
2
4
1
3
0
2
0
2
-1
1
-1
1
-1
1
-1
0
-1
0
-1
0
-1
0
-1
0
0
0
0
0
0
0
0
0
0
0
0
0
0
0
0
0
1
0
2
1
3
2
4
3
5
3
6
3
5
2
4
1
3
0
2
0
2
-1
1
-1
0
-3
0
-4
0
1
11
14
20
15
12
2
0
-5
-2
-4
0
-1
1
0
1
0
1
0
1
0
2
1
2
2
3
4
4
5
5
6
6
7
6
8
6
8
6
7
5
7
4
6
2
4
1
3
0
2
0
2
-1
1
-1
1
-1
1
-1
1
-1
1
-1
1
-1
1
-1
1
-1
1
-1
0
-1
0
-1
0
-1
0
-1
0
0
0
0
0
0
1
1
2
2
3
3
3
4
4
4
3
4
1
2
0
1
0
1
-1
0
-1
0
-3
-1
-4
-2
-3
3
6
16
16
17
8
4
-3
-2
-5
-1
-3
0
-1
1
-1
1
-1
1
0
2
0
2
1
3
2
4
3
5
4
6
5
6
6
6
6
6
5
5
5
4
4
2
2
1
1
0
1
0
0
-1
0
-1
0
-2
0
-2
0
-2
0
-2
0
-2
0
-2
0
-2
0
-2
0
-2
0
-2
0
-2
0
-2
0
-2
0
-1
1
0
2
0
3
1
4
2
4
2
3
1
2
0
0
0
0
0
-1
0
-1
-1
-3
-2
-4
-2
0
6
11
17
14
11
1
-1
-6
-4
-5
-1
-3
0
-3
0
-2
0
-2
0
-2
1
-1
2
0
3
0
4
2
5
3
6
3
6
4
6
4
6
3
5
2
3
1
2
0
1
0
0
0
0
-1
-1
-1
-1
-1
-2
-1
-2
-1
-2
-1
-2
0
-2
0
-2
0
-2
0
-2
0
-2
0
-3
0
-2
0
-2
0
-2
0
-2
1
-1
2
0
3
1
4
1
4
1
3
0
2
0
1
-1
0
-1
0
-2
0
-2
-2
-4
-3
-1
3
8
15
17
14
7
0
-3
-6
-5
-5
-2
-2
-1
-2
0
-2
0
-1
0
-1
1
0
2
0
3
0
4
2
5
3
6
4
7
4
7
4
7
4
6
3
5
2
4
0
3
0
2
0
1
-1
0
-1
0
-1
0
-1
0
-1
0
-1
0
-1
0
-1
-1
0
-1
0
-1
0
-1
0
-1
0
-1
0
-1
0
-1
0
-1
1
0
2
0
3
0
4
2
5
2
6
2
5
1
4
0
3
0
2
-1
1
-1
1
-1
0
-2
-1
-4
-1
0
7
11
18
17
14
6
1
-4
-4
-4
-2
-1
0
0
0
0
0
0
0
1
0
1
1
2
1
4
2
5
3
6
5
7
5
8
6
8
6
8
5
8
4
6
3
5
1
4
0
3
0
2
0
1
-1
1
-1
1
-1
0
-1
0
-1
0
-1
0
-1
0
0
0
0
0
0
0
0
0
0
0
0
0
0
0
0
0
1
0
2
0
3
1
4
2
5
3
6
3
6
2
5
1
3
0
2
0
2
-1
1
-1
1
-2
0
-4
-1
-2
4
8
17
17
18
8
4
-3
-2
-4
-1
-2
0
0
1
0
1
0
1
0
1
1
2
2
3
3
4
5
5
6
5
7
6
8
6
8
6
7
5
7
4
6
2
4
1
3
0
2
0
2
-1
1
-1
1
-1
1
-2
1
-2
0
-2
0
-2
0
-1
0
-1
0
-1
0
-1
0
-1
0
-1
0
-1
0
0
0
0
0
0
0
1
1
2
2
3
3
4
3
4
2
3
1
2
0
1
-1
0
-1
0
-2
0
-3
-1
-5
0
0
8
12
19
14
11
1
-1
-6
-3
-5
0
-2
0
-2
0
-2
0
-1
1
-1
1
0
2
0
3
1
4
3
5
4
5
5
6
5
6
5
5
5
4
4
2
2
1
1
0
1
0
0
-1
0
-2
0
-2
0
-2
0
-3
0
-3
0
-3
0
-3
0
-3
0
-3
0
-3
0
-3
0
-3
0
-2
0
-2
0
-2
0
-1
1
0
2
0
3
1
3
2
3
2
2
1
1
0
0
0
0
0
-1
-1
-2
-2
-3
-3
-4
-1
1
9
14
17
11
7
-1
-3
-7
-4
-5
-1
-3
0
-3
0
-3
0
-2
0
-2
1
-1
2
0
3
0
4
1
5
3
6
3
6
4
6
4
6
3
4
2
3
1
2
0
1
0
0
0
0
-1
-1
-1
-1
-1
-2
-1
-2
-1
-2
-1
-2
0
-2
0
-2
0
-2
0
-2
0
-3
0
-3
0
-2
0
-2
0
-2
0
-2
1
-1
2
0
3
1
4
1
4
2
4
1
3
0
2
0
0
-1
0
-1
0
-1
-1
-3
-3
-3
-1
1
8
14
17
15
9
2
-3
-4
-6
-3
-3
0
-1
0
-1
0
-1
0
-1
1
0
2
0
3
0
4
2
5
3
6
4
7
4
8
5
8
4
7
4
6
3
5
1
4
0
2
0
1
0
1
-1
0
-1
0
-1
0
-1
0
-1
0
0
0
0
0
0
0
0
0
0
-1
0
-1
0
-1
0
-1
0
-1
1
-1
1
0
2
0
3
1
4
2
5
3
6
3
6
2
5
1
3
0
2
0
2
-1
1
-1
0
-2
0
-3
-1
0
6
10
18
18
15
7
1
-3
-3
-3
-1
0
0
0
0
0
0
1
0
1
1
2
1
3
2
4
3
6
4
7
5
8
6
9
6
9
6
8
5
7
4
6
2
5
1
4
0
3
0
2
0
1
-1
1
-1
1
-1
1
-1
1
-1
0
0
0
0
0
0
0
0
0
0
0
0
0
0
