67
56
31
3
-13
-24
-19
-18
-7
-9
-2
-8
0
-8
0
-7
2
-5
5
-3
9
0
13
4
18
8
23
13
27
16
29
17
30
17
28
14
25
11
20
6
15
2
11
-1
6
-4
3
-6
1
-7
0
-7
-1
-7
-2
-6
-2
-5
-3
-4
-3
-3
-4
-2
-4
-2
-4
-1
-5
0
-5
0
-6
1
-6
2
-5
3
-4
6
-2
10
1
15
5
19
9
22
10
22
8
19
4
14
0
10
-3
7
-5
5
-7
2
-10
-2
-16
-6
-9
16
32
64
68
65
33
12
-12
-16
-20
-12
-9
-3
-3
-1
0
0
0
0
2
0
5
3
9
6
14
9
19
13
24
18
29
21
32
23
34
22
33
20
31
17
27
12
22
7
18
3
13
0
10
-3
8
-4
6
-5
5
-6
4
-6
3
-5
3
-5
3
-4
2
-3
2
-2
1
-2
1
-1
0
0
0
0
0
1
0
2
0
4
1
7
3
11
7
17
11
21
14
24
14
23
11
20
6
15
1
11
-1
9
-4
7
-5
5
-9
0
-15
-3
-8
19
31
68
68
71
36
18
-11
-11
-20
-6
-9
2
-3
4
-1
4
0
5
2
6
5
8
9
11
13
15
18
19
24
22
28
25
31
26
32
25
31
22
29
18
25
12
20
7
15
2
12
-1
9
-4
7
-6
6
-7
5
-7
5
-7
5
-7
5
-6
4
-6
4
-6
4
-5
3
-5
3
-5
2
-4
2
-4
1
-3
1
-1
2
0
4
4
7
9
11
14
14
18
15
18
12
16
8
12
2
8
-1
5
-4
4
-6
1
-11
-2
-17
-7
-14
12
22
60
63
70
34
19
-13
-10
-22
-5
-12
2
-7
4
-6
5
-5
5
-3
7
0
9
3
12
7
16
12
20
17
24
21
26
24
26
24
24
22
20
19
15
15
9
11
4
7
0
4
-3
2
-6
1
-8
0
-9
0
-9
0
-10
1
-10
1
-11
1
-11
1
-11
1
-11
1
-11
0
-11
0
-11
0
-10
1
-9
2
-6
4
-3
7
1
12
6
15
9
15
9
12
6
7
2
2
-1
-2
-3
-4
-4
-7
-6
-12
-11
-18
-10
-3
24
43
67
55
42
5
-6
-27
-18
-24
-7
-15
-1
-12
0
-11
1
-10
2
-9
4
-6
7
-2
11
1
15
6
20
10
23
14
25
15
25
15
23
13
19
10
14
6
9
2
4
-1
0
-3
-3
-5
-5
-6
-7
-6
-8
-6
-9
-5
-10
-5
-10
-4
-11
-3
-11
-3
-11
-2
-12
-1
-12
-1
-12
0
-12
0
-12
0
-11
2
-9
4
-6
8
-1
13
3
16
6
18
6
16
3
11
0
6
-4
2
-6
0
-7
-1
-8
-5
-13
-12
-15
-4
11
38
59
66
52
25
1
-18
-23
-25
-16
-15
-6
-10
-3
-10
-1
-9
0
-8
2
-6
5
-3
9
0
14
4
19
8
23
13
27
15
29
17
29
16
27
13
24
9
19
5
14
1
9
-2
5
-5
2
-6
0
-7
-1
-7
-2
-7
-3
-6
-3
-6
-4
-5
-4
-4
-5
-3
-5
-2
-5
-1
-6
0
-6
0
-6
1
-6
2
-6
3
-5
5
-3
9
0
14
4
19
8
22
10
23
9
21
6
16
1
12
-2
8
-4
6
-5
4
-7
0
-12
-6
-16
-1
7
38
56
76
64
46
13
-3
-18
-16
-14
-6
-3
-1
0
0
2
0
3
0
6
2
9
5
13
8
18
12
23
16
28
20
32
23
35
24
35
23
34
20
30
16
26
11
21
6
17
2
13
0
9
-3
7
-4
6
-4
5
-5
4
-4
3
-4
3
-3
2
-3
2
-2
2
-1
1
0
1
0
0
1
0
2
0
3
0
4
0
6
2
10
5
15
9
20
12
23
14
24
12
22
8
18
3
13
0
10
-3
8
-4
7
-6
3
-12
-3
-15
3
8
45
58
79
58
43
6
-2
-18
-8
-11
1
-2
5
0
5
1
5
3
6
5
8
9
11
13
14
18
18
24
22
28
24
31
26
32
25
32
22
29
18
25
12
21
7
16
2
12
0
9
-3
7
-5
6
-6
5
-7
5
-7
5
-7
4
-7
4
-6
4
-6
3
-6
3
-5
2
-5
2
-4
1
-3
1
-2
1
-1
2
1
4
5
8
11
12
15
14
17
13
16
10
13
4
9
0
5
-3
3
-6
2
-8
0
-14
-6
-18
0
4
42
52
74
48
35
-3
-7
-26
-11
-18
-1
-10
2
-8
3
-7
3
-6
5
-3
7
0
9
3
13
8
17
13
20
18
23
21
24
22
23
21
19
18
15
14
9
10
4
6
0
3
-4
1
-6
0
-8
0
-10
0
-11
0
-11
0
-12
0
-12
0
-12
0
-12
0
-12
0
-12
0
-12
0
-11
0
-11
0
-10
0
-8
2
-5
5
-1
9
3
12
7
14
8
13
7
8
3
3
0
-1
-3
-4
-4
-6
-5
-9
-9
-16
-13
-15
3
18
51
60
63
33
14
-17
-18
-30
-15
-20
-5
-14
-1
-13
0
-12
0
-11
2
-8
5
-5
8
-1
12
2
17
7
21
11
24
14
25
16
25
15
22
13
18
9
13
5
8
1
3
-1
0
-4
-4
-5
-6
-6
-7
-6
-9
-5
-9
-5
-10
-4
-10
-3
-11
-2
-11
-2
-11
-1
-11
0
-11
0
-11
0
-11
1
-11
1
-10
3
-8
5
-5
9
0
13
3
17
7
19
8
17
5
13
1
8
-2
4
-4
1
-5
0
-7
-4
-11
-10
-16
-11
-1
20
46
65
67
46
21
-5
-16
-24
-16
-16
-5
-9
0
-7
1
-7
2
-6
4
-4
7
-1
11
1
15
5
20
10
25
14
29
17
31
19
32
19
30
16
27
13
22
9
17
4
12
1
8
-1
5
-3
2
-4
1
-4
0
-4
0
-3
-1
-3
-1
-2
-2
-1
-2
0
-3
0
-3
1
-3
2
-4
3
-4
3
-4
4
-4
6
-3
8
-1
11
1
16
6
21
10
24
12
25
11
23
8
18
3
13
0
10
-2
7
-4
5
-5
2
-11
-4
-13
1
10
42
59
76
62
41
8
-6
-17
-14
-10
-4
-1
0
1
0
3
1
5
2
8
3
11
6
15
10
20
14
25
18
30
21
33
23
35
23
34
21
32
17
28
12
23
8
18
3
14
0
11
-2
8
-3
6
-4
5
-4
4
-4
4
-4
3
-4
3
-3
2
-2
2
-2
1
-1
0
0
0
0
